B	M_u0	200	-0.13203964	0.91793126	0.07407673	0.16423878
B	M_v0	200	-0.018338686	0.02731917	0.004366215	0.0077138613
B	M_p0	200	-0.008082461	0.012848556	0.00051267544	0.003632351
B	R_Mass_Imbalance0	200	-0.062966794	0.13255791	0.0053282524	0.034182694
B	R_Mom-X_Imbalance0	200	-0.03814234	0.04571988	0.00019882698	0.01365227
B	R_Mom-Y_Imbalance0	200	-0.04431556	0.06498478	0.003412878	0.022135096
B	M_u0	500	0.006005436	1.1936655	0.13349272	0.13349272
B	M_v0	500	-0.018485282	0.06265114	0.03749422	0.037604857
B	M_p0	500	-0.0029600821	0.03792149	0.027914762	0.027926885
B	R_Mass_Imbalance0	500	-0.3069383	0.054958552	-0.031339258	0.033106342
B	R_Mom-X_Imbalance0	500	-0.024368104	0.23871212	0.012989095	0.014867067
B	R_Mom-Y_Imbalance0	500	-0.19444406	0.0024990502	-0.032025658	0.032057468
B	M_u0	1000	-0.040246636	1.0122536	0.027410403	0.03841921
B	M_v0	1000	-0.012968959	0.05526974	0.013412304	0.013474119
B	M_p0	1000	-0.005762484	0.009452086	0.0006175721	0.0014600088
B	R_Mass_Imbalance0	1000	-0.08134821	0.075006306	-0.0024851188	0.007208121
B	R_Mom-X_Imbalance0	1000	-0.13331349	0.21146508	-0.001603807	0.0072932597
B	R_Mom-Y_Imbalance0	1000	-0.054832954	0.050010953	0.00016387246	0.006493689
B	M_u0	3000	-0.060314447	1.0297043	0.017251767	0.031185035
B	M_v0	3000	0.00051447004	0.045512326	0.013385395	0.0133853955
B	M_p0	3000	-0.011410981	0.013401482	1.2900218e-05	0.0019700509
B	R_Mass_Imbalance0	3000	-0.06383242	0.060178995	0.0028187688	0.0056493296
B	R_Mom-X_Imbalance0	3000	-0.26895666	0.16343099	-0.0037786094	0.012153273
B	R_Mom-Y_Imbalance0	3000	-0.0740611	0.07899783	0.00039077108	0.0073957928
B	M_u0	5000	-0.05873266	1.0291421	0.01654758	0.030409502
B	M_v0	5000	0.0009564832	0.04519888	0.014113565	0.014113565
B	M_p0	5000	-0.011610527	0.013332866	1.0205867e-05	0.001939784
B	R_Mass_Imbalance0	5000	-0.06541836	0.058521926	0.0031526934	0.005834283
B	R_Mom-X_Imbalance0	5000	-0.28133938	0.16013372	-0.0038445632	0.012127342
B	R_Mom-Y_Imbalance0	5000	-0.07539432	0.077644296	0.00036991047	0.007199461
B	M_u0	7000	-0.056118906	1.0280914	0.015289165	0.029090047
B	M_v0	7000	0.0014099013	0.045364138	0.015774861	0.015774863
B	M_p0	7000	-0.011812519	0.012868863	5.7417706e-06	0.0018626592
B	R_Mass_Imbalance0	7000	-0.066858426	0.058618724	0.00393311	0.006323332
B	R_Mom-X_Imbalance0	7000	-0.30899572	0.14275622	-0.003879222	0.011747814
B	R_Mom-Y_Imbalance0	7000	-0.07670151	0.07200159	0.00031205988	0.006776358
B	M_u0	10000	-0.06517786	1.0234978	0.0124879	0.027381126
B	M_v0	10000	0.0012352467	0.047700226	0.020378597	0.020378597
B	M_p0	10000	-0.012980875	0.011364419	-0.00015118507	0.0016459336
B	R_Mass_Imbalance0	10000	-0.052228287	0.09601988	0.005613029	0.0078010084
B	R_Mom-X_Imbalance0	10000	-0.39817846	0.049378276	-0.0038718202	0.010268734
B	R_Mom-Y_Imbalance0	10000	-0.06447304	0.07874112	0.00031723932	0.005773815
B	M_u0	10100	-0.07012886	1.0247672	0.011329912	0.028628325
B	M_v0	10100	-0.0062949434	0.057190895	0.023932379	0.023947777
B	M_p0	10100	-0.013819475	0.013765421	9.155498e-06	0.0016395289
B	R_Mass_Imbalance0	10100	-0.058428258	0.19422184	0.007035752	0.009714624
B	R_Mom-X_Imbalance0	10100	-0.4308895	0.15532887	-0.003514261	0.009727498
B	R_Mom-Y_Imbalance0	10100	-0.1258193	0.08423126	0.0001951514	0.005433911
B	M_u0	12000	-0.05966404	1.0226915	0.016580692	0.032742437
B	M_v0	12000	-0.04684948	0.29241723	0.01813783	0.018442696
B	M_p0	12000	-0.036568686	0.08272603	-8.008602e-05	0.0013718946
B	R_Mass_Imbalance0	12000	-2.6774054	1.4410248	0.0022647665	0.010235098
B	R_Mom-X_Imbalance0	12000	-3.9637961	1.4106957	-0.0046034073	0.010353402
B	R_Mom-Y_Imbalance0	12000	-0.27783224	1.0732713	0.0013205947	0.0065786988
B	M_u0	15000	-0.04599619	1.0243199	0.020792093	0.039298307
B	M_v0	15000	-0.09454773	0.37632677	0.019518614	0.020673363
B	M_p0	15000	-0.13199517	0.13808328	-3.4878343e-05	0.0011790517
B	R_Mass_Imbalance0	15000	-93.22457	3.826908	-0.025213704	0.03849541
B	R_Mom-X_Imbalance0	15000	-11.965809	22.479328	-0.0028718275	0.008200554
B	R_Mom-Y_Imbalance0	15000	-11.075541	2.6319938	-0.0017615681	0.0071477066
B	M_u0	20000	-0.04833454	1.0273212	0.020846821	0.040570937
B	M_v0	20000	-0.09216371	0.3127878	0.018530093	0.02084799
B	M_p0	20000	-0.15766475	0.30168128	-7.149134e-05	0.0010600956
B	R_Mass_Imbalance0	20000	-84.210686	63.472282	-0.019310722	0.041453086
B	R_Mom-X_Imbalance0	20000	-19.125841	16.310543	-0.00041031727	0.008355158
B	R_Mom-Y_Imbalance0	20000	-11.700718	23.870998	0.0027642378	0.008326658
E	M_u0	23135	-0.04918188	1.0298588	0.022258196	0.041824855
E	M_v0	23135	-0.118643716	0.32861668	0.017125808	0.020905333
E	M_p0	23135	-0.30301797	0.4339012	-9.701559e-05	0.0010779471
E	R_Mass_Imbalance0	23135	-104.23346	116.75659	-0.017967943	0.039657228
E	R_Mom-X_Imbalance0	23135	-17.203249	21.941832	-0.00020540351	0.008493273
E	R_Mom-Y_Imbalance0	23135	-46.14997	42.557953	0.00076883	0.011394603
E	M_u0	23136	-0.04918188	1.0298588	0.022258196	0.041824855
E	M_v0	23136	-0.118643716	0.32861668	0.017125808	0.020905333
E	M_p0	23136	-0.30301797	0.4339012	-9.701559e-05	0.0010779471
E	R_Mass_Imbalance0	23136	-104.23346	116.75659	-0.017967943	0.039657228
E	R_Mom-X_Imbalance0	23136	-17.203249	21.941832	-0.00020540351	0.008493273
E	R_Mom-Y_Imbalance0	23136	-46.14997	42.557953	0.00076883	0.011394603
B	M_u0	25000	-0.05375451	1.03877	0.025019333	0.048112925
B	M_v0	25000	-0.16503407	0.35167822	0.015472875	0.027403165
B	M_p0	25000	-0.3041328	0.4629764	-4.6224388e-05	0.0013993985
B	R_Mass_Imbalance0	25000	-111.46289	128.82674	-0.016629895	0.042280998
B	R_Mom-X_Imbalance0	25000	-17.647663	24.103657	0.00028507103	0.009984383
B	R_Mom-Y_Imbalance0	25000	-44.38633	44.65447	0.0014004473	0.013764676
E	M_u0	26899	-0.058434844	1.0385321	0.024501937	0.050348144
E	M_v0	26899	-0.19964416	0.35653836	0.01405137	0.03056033
E	M_p0	26899	-0.32268494	0.4738832	-6.792717e-05	0.001747486
E	R_Mass_Imbalance0	26899	-106.157715	130.62662	-0.01549661	0.04088463
E	R_Mom-X_Imbalance0	26899	-24.246159	25.2654	-0.002128646	0.009978144
E	R_Mom-Y_Imbalance0	26899	-52.403282	44.892723	0.0010110844	0.013867807
E	M_u0	27729	-0.06340718	1.036859	0.02510722	0.054200303
E	M_v0	27729	-0.21918534	0.36099643	0.013410879	0.033555456
E	M_p0	27729	-0.33214524	0.48069417	-7.140407e-05	0.0020973345
E	R_Mass_Imbalance0	27729	-107.73377	128.61533	-0.015674055	0.04108646
E	R_Mom-X_Imbalance0	27729	-24.34961	25.879208	-0.0010882318	0.0110202385
E	R_Mom-Y_Imbalance0	27729	-54.346405	45.637535	0.00065398886	0.014689562
E	M_u0	28092	-0.06735319	1.040369	0.026019646	0.057530317
E	M_v0	28092	-0.23211248	0.36636585	0.012289676	0.035716694
E	M_p0	28092	-0.32680112	0.48580378	-3.5814533e-05	0.0023119382
E	R_Mass_Imbalance0	28092	-110.165634	131.36957	-0.016025351	0.042346936
E	R_Mom-X_Imbalance0	28092	-24.142464	26.187527	-8.571707e-05	0.011965054
E	R_Mom-Y_Imbalance0	28092	-54.29438	45.2763	0.0007339356	0.015653927
B	M_u0	30000	-0.0737879	1.0368524	0.025843985	0.06700748
B	M_v0	30000	-0.2561288	0.40510708	0.011651587	0.039919183
B	M_p0	30000	-0.30652416	0.49330458	-0.00015401919	0.0033271948
B	R_Mass_Imbalance0	30000	-114.47801	129.86414	-0.01476831	0.04390067
B	R_Mom-X_Imbalance0	30000	-27.676031	29.457941	-0.0025453118	0.013882463
B	R_Mom-Y_Imbalance0	30000	-54.055588	47.23356	0.0007893076	0.017387522
B	M_u0	35000	-0.08853966	1.0522339	0.023395682	0.071175024
B	M_v0	35000	-0.28461415	0.44204628	0.01027978	0.045028377
B	M_p0	35000	-0.33172956	0.6189275	-7.581627e-05	0.004490095
B	R_Mass_Imbalance0	35000	-119.626144	129.77017	-0.01266714	0.03905474
B	R_Mom-X_Imbalance0	35000	-50.49957	53.29091	-0.0036119223	0.013594032
B	R_Mom-Y_Imbalance0	35000	-62.995544	68.08298	0.0012377746	0.017928794
E	M_u0	35627	-0.08931023	1.04613	0.023149509	0.07131522
E	M_v0	35627	-0.28596288	0.4454344	0.010315468	0.045146734
E	M_p0	35627	-0.32361653	0.62221783	-7.605573e-05	0.004521091
E	R_Mass_Imbalance0	35627	-119.00836	132.34941	-0.012145455	0.03872699
E	R_Mom-X_Imbalance0	35627	-52.59502	55.445683	-0.004095837	0.01383012
E	R_Mom-Y_Imbalance0	35627	-62.582954	69.6305	0.0010720182	0.017919471
E	M_u0	36010	-0.09026003	1.0491321	0.024418592	0.07369236
E	M_v0	36010	-0.29325545	0.45965505	0.009269944	0.045271046
E	M_p0	36010	-0.32564604	0.6277957	-1.2712089e-05	0.0047580916
E	R_Mass_Imbalance0	36010	-123.84889	132.81519	-0.013043837	0.040400553
E	R_Mom-X_Imbalance0	36010	-52.974087	56.547916	-0.0038944648	0.014831734
E	R_Mom-Y_Imbalance0	36010	-63.25434	70.49004	0.00071869045	0.018361175
E	M_u0	36368	-0.08732647	1.0474637	0.025881916	0.07518566
E	M_v0	36368	-0.2979942	0.48329094	0.008340433	0.044253543
E	M_p0	36368	-0.32389686	0.6231944	-2.3848252e-05	0.0047456184
E	R_Mass_Imbalance0	36368	-129.50493	133.92914	-0.013997204	0.04340691
E	R_Mom-X_Imbalance0	36368	-52.714275	55.73263	-0.0035156023	0.01585626
E	R_Mom-Y_Imbalance0	36368	-62.89518	71.21376	0.0004955202	0.01881296
E	M_u0	38213	-0.08573496	1.0565219	0.026571259	0.07641349
E	M_v0	38213	-0.30657336	0.55494034	0.007906504	0.04421171
E	M_p0	38213	-0.33276108	0.60368836	2.0904114e-05	0.004784972
E	R_Mass_Imbalance0	38213	-136.59227	130.7129	-0.013774128	0.046691827
E	R_Mom-X_Imbalance0	38213	-54.30866	55.9504	-0.0045326166	0.018023215
E	R_Mom-Y_Imbalance0	38213	-62.348236	75.402435	0.0003961003	0.020690382
E	M_u0	38602	-0.08473155	1.0549161	0.026885675	0.07753128
E	M_v0	38602	-0.31433162	0.5719193	0.0068206815	0.04429544
E	M_p0	38602	-0.33285213	0.6102903	7.1554154e-05	0.004848801
E	R_Mass_Imbalance0	38602	-139.39407	130.36057	-0.014071232	0.048516545
E	R_Mom-X_Imbalance0	38602	-54.986816	56.580456	-0.0044381963	0.019056104
E	R_Mom-Y_Imbalance0	38602	-62.778786	76.110886	0.00053977827	0.021197602
F	M_u0	38602	-0.08473155	1.0549161	0.026885675	0.07753128
F	M_v0	38602	-0.31433162	0.5719193	0.0068206815	0.04429544
F	M_p0	38602	-0.33285213	0.6102903	7.1554154e-05	0.004848801
F	R_Mass_Imbalance0	38602	-139.39407	130.36057	-0.014071232	0.048516545
F	R_Mom-X_Imbalance0	38602	-54.986816	56.580456	-0.0044381963	0.019056104
F	R_Mom-Y_Imbalance0	38602	-62.778786	76.110886	0.00053977827	0.021197602
